 NB=          35           1
n,DIAG=  1 0.00000000000000E+00   2 0.00000000000000E+00   3 0.00000000000000E+00   4 0.00000000000000E+00   5 0.00000000000000E+00   6 0.00000000000000E+00      |0.00000000000000E+00
   1.03300000000000     
 NB=          35           1
n,DIAG=  7 0.00000000000000E+00   8 0.00000000000000E+00   9 0.00000000000000E+00  10 0.00000000000000E+00  11 0.00000000000000E+00  12 0.00000000000000E+00      |0.00000000000000E+00
  1.000000000000000E-010
 NB=          35           1
n,DIAG= 13 0.00000000000000E+00  14 0.00000000000000E+00  15 0.00000000000000E+00  16 0.00000000000000E+00  17 0.00000000000000E+00  18 0.00000000000000E+00      |0.00000000000000E+00
  0.999999999900000     
 NB=          35           1
n,DIAG= 19 0.00000000000000E+00  20 0.00000000000000E+00  21 0.00000000000000E+00  22 0.00000000000000E+00  23 0.00000000000000E+00  24 0.00000000000000E+00      |0.00000000000000E+00
  0.000000000000000E+000
 NB=          35           1
n,DIAG= 25 0.00000000000000E+00  26 0.00000000000000E+00  27 0.00000000000000E+00  28 0.00000000000000E+00  29 0.00000000000000E+00  30 0.00000000000000E+00      |0.00000000000000E+00
  0.000000000000000E+000
 NB=          35           1
n,DIAG= 31 0.00000000000000E+00  32 0.00000000000000E+00  33 0.00000000000000E+00  34 0.00000000000000E+00  35 0.00000000000000E+00  36 0.00000000000000E+00      |0.00000000000000E+00
   2.00000000000000     
